# Created by Octave 3.0.5, Thu Sep 09 17:06:34 2010 CEST <fabio@bart3>
# name: output2DCDF
# type: matrix
# rows: 40
# columns: 40
 0.0002395858008189232 0.003037460661229739 0.003037460661229739 0.003037460661229739 0.003037460661229739 0.003037460661229739 0.003037460661229739 0.003037460661229739 0.003037460661229739 0.003037460661229739 0.003037460661229739 0.003037460661229739 0.003037460661229739 0.003037460661229739 0.003037460661229739 0.003037460661229739 0.003037460661229739 0.003037460661229739 0.003037460661229739 0.003037460661229739 0.003037460661229739 0.003037460661229739 0.003037460661229739 0.003037460661229739 0.003037460661229739 0.003037460661229739 0.003037460661229739 0.003037460661229739 0.003037460661229739 0.003037460661229739 0.003037460661229739 0.003037460661229739 0.003037460661229739 0.003037460661229739 0.003037460661229739 0.003037460661229739 0.003037460661229739 0.003037460661229739 0.003037460661229739 0.003037460661229739
 0.007278264694934182 0.1277912760989476 0.1283503096341917 0.1284382931203682 0.1284964975804541 0.1284964975804541 0.1284964975804541 0.1284964975804541 0.1284964975804541 0.1284964975804541 0.1284964975804541 0.1284964975804541 0.1284964975804541 0.1284964975804541 0.1284964975804541 0.1284964975804541 0.1284964975804541 0.1284964975804541 0.1284964975804541 0.1284964975804541 0.1284964975804541 0.1284964975804541 0.1284964975804541 0.1284964975804541 0.1284964975804541 0.1284964975804541 0.1284964975804541 0.1284964975804541 0.1284964975804541 0.1284964975804541 0.1284964975804541 0.1284964975804541 0.1284964975804541 0.1284964975804541 0.1284964975804541 0.1284964975804541 0.1284964975804541 0.1284964975804541 0.1284964975804541 0.1284964975804541
 0.01014923352847619 0.1987113803255389 0.1995925687793983 0.1999918784474299 0.2000933978545565 0.2001583702751176 0.2002206355114886 0.2002517681296741 0.2002774863794795 0.2002774863794795 0.2002774863794795 0.2002774863794795 0.2002774863794795 0.2002774863794795 0.2002774863794795 0.2002774863794795 0.2002774863794795 0.2002774863794795 0.2002774863794795 0.2002774863794795 0.2002774863794795 0.2002774863794795 0.2002774863794795 0.2002774863794795 0.2002774863794795 0.2002774863794795 0.2002774863794795 0.2002774863794795 0.2002774863794795 0.2002774863794795 0.2002774863794795 0.2002774863794795 0.2002774863794795 0.2002774863794795 0.2002774863794795 0.2002774863794795 0.2002774863794795 0.2002774863794795 0.2002774863794795 0.2002774863794795
 0.01220940069709993 0.2566491827687726 0.257769957023451 0.2584873608338127 0.258625427227505 0.2586903996480661 0.2587526648844371 0.2587837975026226 0.2588162837129031 0.2588487699231837 0.2588799025413692 0.2589123887516497 0.258935399817265 0.258935399817265 0.258935399817265 0.258935399817265 0.258935399817265 0.258935399817265 0.258935399817265 0.258935399817265 0.258935399817265 0.258935399817265 0.258935399817265 0.258935399817265 0.258935399817265 0.258935399817265 0.258935399817265 0.258935399817265 0.258935399817265 0.258935399817265 0.258935399817265 0.258935399817265 0.258935399817265 0.258935399817265 0.258935399817265 0.258935399817265 0.258935399817265 0.258935399817265 0.258935399817265 0.258935399817265
 0.01381340732970119 0.3070691347162532 0.3083658759432845 0.3095299651450035 0.3096680315386958 0.3097330039592569 0.3097952691956279 0.3098264018138134 0.3098588880240939 0.3098913742343745 0.30992250685256 0.3099549930628405 0.309987479273121 0.3100186118913065 0.3100510981015871 0.3100835843118676 0.3101025346011979 0.3101025346011979 0.3101025346011979 0.3101025346011979 0.3101025346011979 0.3101025346011979 0.3101025346011979 0.3101025346011979 0.3101025346011979 0.3101025346011979 0.3101025346011979 0.3101025346011979 0.3101025346011979 0.3101025346011979 0.3101025346011979 0.3101025346011979 0.3101025346011979 0.3101025346011979 0.3101025346011979 0.3101025346011979 0.3101025346011979 0.3101025346011979 0.3101025346011979 0.3101025346011979
 0.01520760718757402 0.3522100774931474 0.3535081723122737 0.3551703834049609 0.3553084497986532 0.3553734222192143 0.3554356874555852 0.3554668200737708 0.3554993062840513 0.3555317924943318 0.3555629251125174 0.3555954113227979 0.3556278975330784 0.3556590301512639 0.3556915163615444 0.355724002571825 0.3557551351900105 0.355787621400291 0.3558201076105715 0.3558512402287571 0.3558674833338973 0.3558674833338973 0.3558674833338973 0.3558674833338973 0.3558674833338973 0.3558674833338973 0.3558674833338973 0.3558674833338973 0.3558674833338973 0.3558674833338973 0.3558674833338973 0.3558674833338973 0.3558674833338973 0.3558674833338973 0.3558674833338973 0.3558674833338973 0.3558674833338973 0.3558674833338973 0.3558674833338973 0.3558674833338973
 0.01633379581063247 0.3936678961794863 0.3949754661432777 0.3971357991269331 0.3972738655206254 0.3973388379411864 0.3974011031775574 0.3974322357957429 0.3974647220060235 0.397497208216304 0.3975283408344895 0.3975608270447701 0.3975933132550506 0.3976244458732361 0.3976569320835167 0.3976894182937972 0.3977205509119827 0.3977530371222632 0.3977855233325437 0.3978166559507292 0.3978491421610098 0.3978816283712903 0.3979127609894758 0.3979452471997564 0.3979574295286116 0.3979574295286116 0.3979574295286116 0.3979574295286116 0.3979574295286116 0.3979574295286116 0.3979574295286116 0.3979574295286116 0.3979574295286116 0.3979574295286116 0.3979574295286116 0.3979574295286116 0.3979574295286116 0.3979574295286116 0.3979574295286116 0.3979574295286116
 0.01732733240837873 0.4319799668369937 0.4334702717336131 0.4360610470034855 0.4361991133971778 0.4362640858177388 0.4363263510541098 0.4363574836722954 0.4363899698825759 0.4364224560928564 0.436453588711042 0.4364860749213225 0.436518561131603 0.4365496937497885 0.436582179960069 0.4366146661703496 0.4366457987885351 0.4366782849988156 0.4367107712090961 0.4367419038272817 0.4367743900375622 0.4368068762478427 0.4368380088660282 0.4368704950763088 0.4369029812865893 0.4369354674968698 0.4369666001150553 0.4369990863253359 0.437007207877906 0.437007207877906 0.437007207877906 0.437007207877906 0.437007207877906 0.437007207877906 0.437007207877906 0.437007207877906 0.437007207877906 0.437007207877906 0.437007207877906 0.437007207877906
 0.01825860376975398 0.4678988866705018 0.4696382525126053 0.4726026192007038 0.4727406855943961 0.4728056580149572 0.4728679232513282 0.4728990558695137 0.4729315420797943 0.4729640282900748 0.4729951609082603 0.4730276471185408 0.4730601333288214 0.4730912659470068 0.4731237521572874 0.4731562383675679 0.4731873709857534 0.473219857196034 0.4732523434063145 0.4732834760245 0.4733159622347806 0.4733484484450611 0.4733795810632466 0.4734120672735271 0.4734445534838077 0.4734770396940882 0.4735081723122737 0.4735406585225542 0.4735731447328347 0.4736042773510203 0.4736367635613008 0.4736692497715813 0.4736733105478664 0.4736733105478664 0.4736733105478664 0.4736733105478664 0.4736733105478664 0.4736733105478664 0.4736733105478664 0.4736733105478664
 0.01912760989475822 0.5020242969781057 0.5040343812392135 0.5073723393455383 0.5075104057392305 0.5075753781597916 0.5076376433961626 0.5076687760143481 0.5077012622246286 0.5077337484349091 0.5077648810530947 0.5077973672633752 0.5078298534736557 0.5078609860918413 0.5078934723021218 0.5079259585124023 0.5079570911305878 0.5079895773408684 0.5080220635511489 0.5080531961693344 0.5080856823796149 0.5081181685898954 0.508149301208081 0.5081817874183615 0.508214273628642 0.5082467598389225 0.5082778924571081 0.5083103786673886 0.5083428648776691 0.5083739974958547 0.5084064837061352 0.5084389699164157 0.5084701025346012 0.5085025887448817 0.5085350749551623 0.5085662075733478 0.5085675611654428 0.5085675611654428 0.5085675611654428 0.5085675611654428
